t=0

255
1	7.637	-1.465	11.511
2	5.486	-4.424	10.540
3	4.501	-7.840	11.863
4	7.359	-10.032	10.689
5	10.338	-11.595	12.497
6	12.599	-8.663	11.841
7	10.225	-5.743	12.247
8	7.312	-7.074	14.299
9	5.891	-6.177	17.749
10	8.905	-7.216	19.789
11	11.137	-4.746	17.915
12	8.790	-1.779	18.121
13	10.232	-0.377	21.295
14	13.495	0.594	19.552
15	11.752	3.194	17.443
16	8.733	3.855	19.730
17	9.896	3.576	23.363
18	6.297	4.069	24.617
19	5.787	0.355	23.642
20	7.019	-0.520	27.128
21	4.901	2.223	28.787
22	2.334	2.079	31.545
23	-1.038	1.881	29.680
24	-0.395	-0.137	26.540
25	-2.940	-2.106	24.552
26	-4.178	-4.735	23.889
27	-4.583	-6.659	27.211
28	-6.117	-9.877	28.308
29	-9.526	-9.252	29.888
30	-9.724	-11.551	32.902
31	-13.502	-11.853	33.373
32	-13.192	-12.739	37.049
33	-11.010	-9.766	38.021
34	-13.005	-7.223	36.027
35	-15.035	-5.016	38.362
36	-18.748	-4.639	37.683
37	-19.220	-0.893	38.006
38	-22.939	0.101	38.313
39	-22.085	3.761	37.657
40	-21.287	2.939	34.031
41	-23.864	4.550	31.757
42	-25.203	2.625	28.684
43	-23.286	3.309	25.465
44	-24.959	5.607	22.956
45	-23.905	4.843	19.366
46	-25.500	7.325	16.897
47	-24.374	6.065	13.436
48	-27.519	6.808	11.355
49	-26.049	9.878	9.583
50	-22.699	8.266	8.880
51	-20.970	9.154	5.644
52	-18.261	6.742	4.410
53	-15.914	8.127	1.814
54	-13.262	5.545	0.919
55	-11.425	2.324	1.713
56	-7.652	2.262	1.698
57	-4.958	-0.379	2.034
58	-2.206	1.311	4.081
59	0.243	-1.585	4.265
60	-0.783	-2.867	7.707
61	-4.604	-3.088	7.435
62	-7.374	-1.639	5.247
63	-9.213	1.398	6.666
64	-12.786	2.543	5.825
65	-12.729	6.360	6.286
66	-15.631	8.566	7.260
67	-16.473	12.207	6.915
68	-15.786	13.568	10.403
69	-16.240	17.330	9.662
70	-19.545	17.478	11.580
71	-21.206	15.268	14.237
72	-22.584	12.567	11.954
73	-21.552	9.278	13.524
74	-20.856	9.753	17.203
75	-20.249	7.730	20.372
76	-21.105	9.021	23.854
77	-22.238	7.512	27.136
78	-20.590	4.523	28.783
79	-17.307	5.695	30.431
80	-16.961	8.776	28.202
81	-17.475	12.433	28.889
82	-18.222	14.241	25.664
83	-18.885	13.293	22.122
84	-16.429	11.273	20.132
85	-16.649	11.372	16.279
86	-16.119	8.303	14.067
87	-13.164	8.899	11.789
88	-12.399	5.275	10.541
89	-12.592	1.564	11.229
90	-10.181	-1.289	10.428
91	-9.688	-4.932	11.411
92	-6.870	-7.128	12.683
93	-7.026	-10.805	11.628
94	-5.020	-13.994	11.700
95	-3.676	-16.496	9.184
96	-5.786	-19.199	10.914
97	-9.211	-18.962	12.594
98	-7.954	-19.411	16.164
99	-5.915	-16.205	16.304
100	-6.335	-12.711	14.988
101	-7.899	-10.610	17.738
102	-5.698	-8.243	19.699
103	-7.623	-8.274	22.988
104	-8.281	-11.732	24.405
105	-10.956	-12.785	26.993
106	-9.641	-15.272	29.610
107	-6.796	-15.835	27.167
108	-9.246	-16.802	24.324
109	-8.154	-15.360	20.948
110	-10.889	-14.689	18.318
111	-10.485	-14.813	14.479
112	-10.450	-11.042	14.077
113	-11.160	-7.776	15.870
114	-12.885	-4.665	14.502
115	-11.786	-1.252	15.772
116	-14.075	1.692	15.254
117	-11.969	4.748	15.960
118	-13.439	7.952	17.370
119	-11.849	11.226	18.514
120	-12.991	13.633	21.243
121	-14.542	16.709	19.622
122	-13.499	18.939	22.530
123	-10.054	18.852	20.907
124	-10.996	20.172	17.463
125	-9.310	17.607	15.210
126	-7.790	14.113	15.377
127	-4.160	15.336	15.465
128	-4.846	17.409	18.621
129	-6.879	14.562	20.188
130	-3.852	12.202	19.910
131	-1.953	14.516	22.310
132	-4.524	13.919	25.062
133	-4.992	11.104	27.658
134	-8.716	11.020	26.778
135	-8.401	12.047	23.112
136	-9.736	8.797	21.574
137	-12.375	6.169	22.157
138	-12.106	2.923	20.310
139	-14.896	0.391	20.083
140	-13.594	-3.178	19.712
141	-15.799	-6.000	18.455
142	-14.608	-9.579	18.290
143	-15.276	-11.643	15.167
144	-15.790	-15.391	15.284
145	-16.303	-17.749	12.304
146	-19.784	-19.067	11.898
147	-22.575	-17.633	9.782
148	-21.988	-14.862	7.297
149	-22.471	-11.267	8.463
150	-24.565	-9.683	5.643
151	-23.520	-6.112	6.556
152	-19.868	-7.066	6.029
153	-20.279	-8.217	2.393
154	-19.908	-4.743	0.746
155	-16.494	-4.503	2.440
156	-15.465	-8.009	1.420
157	-16.352	-7.411	-2.234
158	-14.285	-4.220	-2.648
159	-11.029	-5.779	-1.316
160	-9.856	-6.885	-4.746
161	-9.629	-3.239	-5.730
162	-7.200	-2.475	-2.930
163	-5.031	-5.545	-2.920
164	-1.758	-3.729	-2.440
165	-0.309	-1.047	-0.242
166	-1.277	2.439	-1.269
167	-4.382	1.616	-3.315
168	-7.726	3.113	-2.347
169	-11.284	2.951	-3.731
170	-14.287	5.225	-3.178
171	-16.630	3.586	-0.700
172	-19.688	5.704	-0.071
173	-22.996	4.979	1.647
174	-21.661	2.131	3.831
175	-23.680	1.851	7.031
176	-21.532	0.857	10.037
177	-24.608	-0.274	12.036
178	-24.566	-3.600	10.187
179	-21.394	-4.593	12.004
180	-22.816	-4.197	15.523
181	-23.793	-7.128	17.819
182	-27.177	-7.196	19.548
183	-25.927	-6.293	22.985
184	-23.919	-3.275	23.871
185	-22.516	-4.668	27.160
186	-18.797	-3.898	27.445
187	-15.528	-3.918	29.360
188	-13.562	-0.620	29.484
189	-10.006	0.296	30.557
190	-7.465	3.129	29.703
191	-4.970	2.033	26.995
192	-3.160	2.952	23.730
193	-3.114	2.655	19.932
194	-2.059	-0.951	19.160
195	0.070	0.126	16.131
196	2.984	2.649	16.064
197	3.041	5.397	17.253
198	1.310	3.514	20.191
199	0.256	6.738	21.958
200	-1.577	6.422	25.256
201	-4.674	8.302	24.252
202	-7.387	5.633	24.228
203	-10.444	4.741	26.324
204	-11.067	1.223	25.119
205	-14.620	-0.094	25.050
206	-14.565	-3.762	24.155
207	-17.992	-5.400	23.601
208	-18.758	-8.652	25.299
209	-20.720	-10.110	22.424
210	-18.841	-11.218	19.243
211	-20.281	-10.950	15.750
212	-20.101	-13.965	13.432
213	-18.640	-13.880	9.908
214	-18.329	-16.849	7.534
215	-15.133	-18.637	6.695
216	-15.313	-17.295	3.117
217	-15.710	-13.679	4.317
218	-12.633	-13.810	6.546
219	-10.716	-15.705	3.805
220	-11.039	-12.631	1.532
221	-9.193	-10.549	4.237
222	-6.344	-13.008	3.970
223	-5.777	-12.315	0.255
224	-4.740	-8.696	0.841
225	-1.057	-7.738	0.571
226	1.327	-5.885	2.854
227	3.560	-5.028	-0.111
228	2.994	-2.413	-2.795
229	2.260	-3.423	-6.402
230	5.262	-4.824	-8.286
231	7.013	-5.927	-5.072
232	7.220	-9.596	-3.881
233	3.941	-10.733	-2.442
234	3.605	-10.835	1.341
235	0.040	-11.767	2.426
236	-1.586	-9.496	4.951
237	-2.321	-11.914	7.777
238	-1.599	-11.775	11.497
239	-1.463	-8.032	11.736
240	-2.144	-8.109	15.525
241	-0.074	-7.123	18.529
242	0.185	-9.567	21.500
243	-1.386	-8.757	24.876
244	0.484	-6.286	27.031
245	0.878	-6.238	30.900
246	-2.032	-4.614	32.598
247	0.309	-2.855	35.140
248	-2.285	-1.806	37.822
249	-5.007	-0.638	35.600
250	-8.401	-2.082	36.444
251	-10.865	-3.348	33.855
252	-14.409	-2.222	34.686
253	-17.449	-4.152	33.335
254	-20.834	-2.619	32.499
255	-22.497	-5.953	33.467
