t=10000

100
1	0.000000	0.000000	0.000000
2	-0.135172	0.244262	-0.960242
3	-0.223794	1.186611	-1.282925
4	0.369640	0.401688	-1.461061
5	0.983323	-0.235161	-1.927769
6	0.761806	-1.137148	-2.298375
7	0.220505	-1.144893	-3.139168
8	-0.096925	-0.585195	-2.373677
9	0.293330	-1.435575	-2.726598
10	1.021465	-0.970903	-2.222714
11	1.666716	-1.734722	-2.237925
12	1.770734	-2.071397	-1.302067
13	0.858098	-2.480062	-1.292611
14	1.573198	-2.238854	-1.948698
15	2.044693	-3.120567	-1.965267
16	2.058118	-3.100713	-2.964980
17	2.673491	-3.549025	-2.316650
18	3.208959	-3.676148	-1.481716
19	3.166867	-3.587966	-2.476931
20	3.793858	-3.972573	-3.154397
21	4.085588	-4.133526	-4.097258
22	3.419353	-4.723162	-3.640683
23	3.507033	-5.542372	-3.073932
24	2.509331	-5.506514	-3.131420
25	3.271260	-5.735990	-3.737065
26	3.035283	-6.007822	-2.804100
27	2.044962	-6.072447	-2.926932
28	1.077340	-5.987736	-3.164695
29	0.087954	-5.870693	-3.078571
30	-0.442344	-5.811962	-2.232797
31	-0.814219	-5.644212	-3.145797
32	-1.055443	-4.851414	-3.705513
33	-1.073555	-4.839188	-4.705275
34	-0.866205	-3.883307	-4.913353
35	-0.424466	-3.155264	-5.437586
36	-0.680966	-2.616432	-6.240000
37	-1.178148	-3.327822	-5.743276
38	-1.783606	-4.119786	-5.664447
39	-1.212915	-4.938218	-5.597501
40	-0.731471	-4.800709	-4.731878
41	-1.223272	-5.404015	-5.359695
42	-1.240037	-5.048918	-4.425015
43	-1.385273	-4.083925	-4.206627
44	-0.600620	-4.700552	-4.142675
45	-0.874094	-4.327175	-5.029129
46	-0.751119	-5.266703	-4.709499
47	0.103491	-5.637063	-4.345526
48	0.699605	-5.305670	-3.614208
49	1.017865	-6.073420	-4.170328
50	1.967136	-6.370807	-4.068123
51	2.059128	-7.187892	-4.637253
52	2.508201	-8.060804	-4.446577
53	2.627114	-8.955715	-4.876686
54	1.802269	-8.429011	-5.082146
55	1.540261	-9.392761	-5.031767
56	0.621841	-9.229914	-4.671233
57	0.889726	-8.453433	-5.241597
58	0.568767	-7.600766	-5.653840
59	0.041537	-7.804659	-6.478738
60	-0.057278	-7.044027	-7.120357
61	-0.422911	-7.821861	-6.609195
62	-0.362160	-7.021006	-6.013427
63	-0.748041	-6.158722	-5.685460
64	-0.311980	-6.128370	-4.786055
65	-0.783493	-5.936162	-5.646713
66	-1.625604	-5.963774	-5.108117
67	-2.442378	-5.465048	-5.398208
68	-3.373280	-5.334492	-5.739348
69	-2.912077	-5.073709	-4.891241
70	-2.320207	-5.833815	-5.159438
71	-2.283822	-6.597606	-4.515001
72	-2.911085	-7.059615	-5.141969
73	-3.730449	-7.119242	-4.571804
74	-3.798946	-6.581693	-5.412250
75	-4.135141	-5.649822	-5.548597
76	-4.930322	-5.496045	-4.962047
77	-5.360122	-6.386440	-4.812152
78	-4.577229	-6.434576	-5.432444
79	-4.740721	-7.201575	-6.052913
80	-4.368632	-6.640920	-5.313173
81	-4.970310	-6.868639	-4.547583
82	-5.086945	-7.859297	-4.476927
83	-5.293753	-8.726707	-4.929509
84	-5.535123	-8.046768	-5.621914
85	-4.772291	-7.545896	-6.030833
86	-4.444031	-8.126543	-6.775880
87	-4.083762	-7.225906	-6.532858
88	-3.240108	-7.762517	-6.515639
89	-3.575761	-7.381355	-7.377064
90	-3.096347	-6.506707	-7.448849
91	-3.776613	-5.926162	-7.896292
92	-4.576185	-6.180179	-7.352086
93	-4.466429	-5.211923	-7.576661
94	-4.382146	-4.537608	-8.310280
95	-5.004943	-3.761938	-8.208010
96	-4.289155	-4.443307	-8.360930
97	-4.025570	-4.727486	-9.282757
98	-4.086102	-3.748537	-9.477677
99	-3.201262	-3.544630	-9.058773
100	-2.994506	-2.569800	-9.142185
