t=3

1000
1	0.000000	158.996050	0.000000
2	0.998200	158.953721	0.042487
3	0.553681	158.538045	0.835971
4	0.109228	158.116794	1.626546
5	0.265341	159.095705	1.758310
6	1.187015	159.108753	2.146055
7	1.815253	159.875607	2.014705
8	2.755279	159.581559	1.841830
9	3.693841	159.286434	1.662935
10	3.416601	160.229296	1.847731
11	2.638673	160.782191	2.146285
12	1.762182	161.111482	1.795101
13	1.404627	160.233234	2.112646
14	1.316834	159.272346	2.375299
15	1.235087	158.310526	2.636490
16	1.159389	157.347814	2.896210
17	1.089744	156.384246	3.154448
18	1.026153	155.419861	3.411194
19	0.979322	154.713628	2.704766
20	1.810307	154.419055	3.176667
21	2.638656	154.125953	3.654086
22	3.464336	153.834333	4.137005
23	4.290886	153.515384	4.600779
24	5.153517	153.877829	4.953626
25	6.014958	154.237623	5.312050
26	6.111376	155.175050	5.646618
27	6.703611	154.996636	4.860854
28	7.300519	154.816649	4.078994
29	7.017617	155.757262	3.891342
30	6.737689	156.699786	3.708892
31	6.084278	156.174673	3.163631
32	5.429409	155.646142	2.623444
33	5.267293	154.955902	3.328629
34	5.099846	154.268584	4.035422
35	4.411741	154.752401	3.494651
36	5.005848	155.273826	4.107147
37	5.375771	156.136133	4.452956
38	6.027683	156.892943	4.500398
39	5.371589	157.646845	4.534627
40	4.712799	158.398614	4.563590
41	4.241912	157.709185	5.114002
42	3.632780	158.497497	5.200738
43	3.025138	159.286265	5.293568
44	2.762702	158.371065	4.987730
45	2.536614	158.972826	5.753738
46	2.794976	158.147590	5.251508
47	3.056153	157.320118	4.754440
48	3.085201	157.618574	3.800459
49	2.569582	157.153469	4.520052
50	2.340676	157.279517	5.485305
51	2.117267	157.402974	6.452180
52	1.899364	157.523836	7.420638
53	2.529846	158.290452	7.542261
54	3.157516	159.060107	7.659149
55	3.755120	158.950263	8.453380
56	3.126147	159.414732	9.076807
57	2.498066	159.884578	9.697096
58	1.870901	160.359783	10.314223
59	2.816084	160.058404	10.439924
60	3.073862	160.960462	10.093740
61	3.517963	161.772199	10.473024
62	3.787184	162.500872	11.102751
63	3.804255	162.926901	12.007299
64	4.392290	162.309120	11.485226
65	4.563308	161.460639	10.984394
66	4.728250	160.611902	10.481960
67	4.464721	160.478944	11.437405
68	4.195181	160.345408	12.391090
69	3.919641	160.211298	13.342979
70	3.638112	160.076620	14.293034
71	3.811651	159.903351	15.262498
72	4.230968	160.117589	16.144698
73	4.900476	160.528405	16.763559
74	5.735266	160.726508	16.249866
75	6.014032	161.496574	15.676030
76	6.286755	162.267941	15.101038
77	7.140959	162.487668	14.629811
78	7.992175	162.707079	14.153060
79	8.553413	163.094225	13.421535
80	9.113702	163.487128	12.692355
81	9.673019	163.885774	11.965550
82	8.832627	163.738999	11.443823
83	8.394162	163.899306	10.559487
84	9.104167	164.418092	11.035674
85	9.809893	164.938886	11.516011
86	10.289236	165.726466	11.903243
87	10.733223	166.472165	12.400042
88	11.171826	167.221112	12.896737
89	11.605027	167.973278	13.393309
90	11.895965	168.758647	12.846912
91	12.187740	169.547348	12.305784
92	12.510418	170.417579	11.933524
93	11.674369	170.115020	12.391214
94	11.278966	170.099149	13.309585
95	10.728062	169.473064	12.757750
96	11.464620	168.810316	12.622668
97	11.439315	169.679637	12.129069
98	12.241800	169.348384	11.632794
99	13.045331	169.022947	11.134368
100	12.531567	168.951969	11.989358
101	11.683481	168.641521	11.559972
102	12.201001	168.976682	12.347272
103	12.713197	169.312173	13.137905
104	13.220049	169.647983	13.931840
105	13.720892	169.990505	14.726720
106	13.420889	169.815737	13.788928
107	13.645253	170.639400	13.268120
108	13.454309	170.695385	14.248123
109	12.589820	170.290458	13.950311
110	11.724709	170.254881	13.449992
111	10.962900	170.582232	14.008999
112	11.845297	170.985233	14.251829
113	12.799190	170.941462	13.954892
114	13.753731	170.903823	13.659197
115	13.849904	171.698476	13.059799
116	14.220954	172.616254	13.201236
117	14.706179	171.743553	13.146936
118	15.192036	170.871612	13.086425
119	15.641539	170.021295	13.360118
120	16.125024	169.185869	13.621472
121	16.300652	169.843502	12.888892
122	16.132910	169.693239	11.914580
123	15.433440	169.590291	11.207372
124	14.733680	169.481177	10.501376
125	13.751796	169.483375	10.311908
126	12.768802	169.483483	10.128267
127	12.449570	170.421609	10.262471
128	12.125724	171.357613	10.400385
129	11.797278	172.291459	10.542006
130	11.464245	173.223108	10.687326
131	10.545170	173.605584	10.592387
132	10.597593	174.597401	10.708794
133	10.671363	175.592290	10.777752
134	10.739364	176.587755	10.844270
135	10.801595	177.583758	10.908344
136	10.858053	178.580259	10.969973
137	11.374061	178.385987	11.804236
138	11.541066	177.897459	12.660652
139	11.705592	177.413741	13.520274
140	11.867633	176.934854	14.383065
141	11.795387	175.939570	14.447791
142	11.863661	175.867512	13.452729
143	11.102130	175.296984	13.145211
144	11.456922	175.821842	13.918933
145	11.808902	176.351862	14.690418
146	12.158056	176.887023	15.459635
147	11.988406	177.692973	16.026789
148	11.663578	176.791692	16.313459
149	11.102348	177.235905	15.615107
150	10.541635	177.675010	14.913119
151	11.157633	177.883286	15.672834
152	10.415394	178.450877	15.316573
153	9.677254	179.021465	14.956603
154	8.943986	179.602933	14.604164
155	8.656025	180.517493	14.888167
156	8.371520	181.431497	15.177395
157	8.694802	182.209670	15.715851
158	8.106196	181.402057	15.751962
159	8.319145	182.010621	16.516359
160	7.831873	182.879624	16.602386
161	7.281286	183.512040	17.147275
162	6.787144	183.761814	16.314547
163	6.296994	184.008103	15.478429
164	5.414616	184.470262	15.566852
165	4.602195	185.044462	15.668178
166	3.786743	185.615076	15.765321
167	2.968290	186.182080	15.858277
168	3.048098	187.131026	16.163454
169	3.298562	186.163013	16.178222
170	3.546925	185.194566	16.198902
171	3.884932	184.253853	16.227352
172	3.550958	183.311533	16.249599
173	3.377115	182.667659	15.504478
174	2.816729	182.697502	14.676784
175	2.251166	182.727773	13.852635
176	2.730299	183.506548	13.447738
177	3.214009	184.284700	13.047109
178	3.613362	184.085481	12.152219
179	3.972536	184.557125	12.957543
180	4.603152	184.715653	13.717274
181	4.773715	185.104809	14.622518
182	4.940269	185.489823	15.530276
183	5.102807	185.870679	16.440512
184	5.970998	185.854510	16.936480
185	5.451878	186.128031	17.746234
186	4.927414	186.399992	18.553063
187	5.046989	186.661692	19.510777
188	4.864188	187.541479	19.071961
189	4.680991	188.418380	18.627570
190	4.252081	189.025862	17.958987
191	3.523908	189.186773	17.292751
192	3.770246	188.728081	18.146519
193	4.010764	188.270359	19.002463
194	4.435106	189.101583	19.361630
195	4.860542	189.934764	19.714919
196	4.590642	190.897564	19.728004
197	3.631424	190.775433	19.473080
198	2.670717	190.658518	19.221340
199	3.568712	190.805023	19.636241
200	4.464962	190.948063	20.056093
201	3.577700	190.554357	19.815757
202	2.689923	190.164754	19.570682
203	1.801666	189.779270	19.320878
204	1.631222	188.816291	19.529731
205	1.454586	187.854411	19.738507
206	1.271765	186.893669	19.947197
207	1.082766	185.934103	20.155794
208	0.887597	184.975751	20.364290
209	1.552134	184.557154	20.983294
210	2.216859	184.143870	21.605658
211	3.056081	183.624267	21.445286
212	2.448325	184.413872	21.360689
213	2.219454	183.676226	21.995904
214	1.857360	183.165371	22.775593
215	1.027672	183.064260	23.324587
216	0.072857	183.330883	23.455888
217	-0.880347	183.603546	23.586493
218	-1.787228	183.940746	23.333784
219	-2.684573	184.372535	23.242511
220	-3.268137	184.895462	22.621222
221	-3.289899	183.984675	23.033525
222	-3.316780	183.075515	23.449103
223	-3.348777	182.168016	23.867938
224	-3.893176	182.916188	23.488638
225	-3.117683	183.008253	22.864030
226	-2.341878	183.106458	22.240747
227	-2.871897	183.312751	21.418236
228	-3.701757	182.976282	21.863345
229	-2.910781	183.199859	22.432880
230	-2.346780	183.822149	22.975704
231	-1.781570	184.439781	23.522575
232	-2.623413	184.937094	23.732288
233	-1.821604	184.765404	24.304672
234	-1.046861	185.215889	24.748336
235	-0.269294	185.666975	25.186412
236	0.511067	186.118644	25.618884
237	1.294191	186.570879	26.045733
238	0.976434	185.996307	26.799986
239	1.477870	186.817671	26.528098
240	1.327532	187.804570	26.469539
241	1.175610	188.791568	26.417066
242	1.616096	188.749151	27.313823
243	2.492914	188.345210	27.574632
244	1.939996	189.107419	27.911261
245	1.583108	188.843245	28.807276
246	2.125658	189.612910	28.470743
247	2.666151	190.386095	28.139000
248	3.204565	191.162767	27.812059
249	4.017395	191.041257	27.242374
250	4.831688	190.925807	26.673516
251	5.081587	190.783183	27.631226
252	5.516465	189.941413	27.951078
253	5.954131	189.098980	28.265330
254	6.394567	188.255916	28.573972
255	6.462261	187.452771	27.982048
256	7.391547	187.812822	28.064447
257	8.320667	188.174630	28.140810
258	7.652823	187.452677	28.321828
259	6.985117	186.729100	28.496772
260	7.942005	186.848225	28.761677
261	8.922382	186.669336	28.678851
262	9.661352	186.105911	29.048275
263	10.403347	185.460547	29.229794
264	11.061862	184.997319	29.822903
265	10.573800	184.552321	30.573751
266	11.376155	183.986145	30.762620
267	12.182138	183.424149	30.948500
268	12.991717	182.866354	31.131383
269	13.928291	183.212969	31.183224
270	14.884747	183.409342	31.399162
271	15.839898	183.611867	31.615194
272	16.793707	183.820536	31.831311
273	17.746135	184.035340	32.047504
274	16.991347	184.288897	32.652487
275	16.001057	184.387917	32.554915
276	15.389324	183.673058	32.216153
277	14.737254	183.212839	31.613655
278	15.140332	183.475040	30.736855
279	15.745355	183.647963	29.959652
280	16.467667	184.219045	30.349693
281	17.190641	184.784564	30.746552
282	17.909300	185.353236	31.146727
283	18.623616	185.925040	31.550203
284	19.111572	185.344135	30.898706
285	18.697233	186.134946	30.448217
286	18.279444	186.926855	30.002872
287	17.418340	186.470079	29.779589
288	16.961779	186.596736	28.898958
289	16.499865	186.721218	28.020812
290	16.032616	186.843521	27.145186
291	15.560052	186.963640	26.272115
292	15.082190	187.081569	25.401632
293	15.384863	187.997029	25.136448
294	15.682747	188.914984	24.874488
295	15.975831	189.835399	24.615762
296	16.264101	190.758236	24.360281
297	16.547548	191.683460	24.108054
298	16.826160	192.611034	23.859092
299	17.331748	191.802528	23.557931
300	17.842368	190.997617	23.255631
301	18.572299	191.006460	22.572167
302	19.304639	191.020463	21.891372
303	19.092632	191.997461	21.914352
304	18.874866	192.973241	21.935118
305	18.230746	193.133433	22.683081
306	17.587834	193.299789	23.430737
307	17.252539	194.161477	23.049853
308	17.296441	195.127670	23.303908
309	16.949828	194.537696	22.574668
310	16.597431	193.950014	21.846351
311	16.239265	193.364647	21.118984
312	15.551899	193.434889	20.396078
313	14.860545	193.507784	19.677248
314	14.870395	194.507574	19.659290
315	14.874711	195.507346	19.638342
316	15.681850	195.252634	20.170930
317	16.543177	194.950574	20.579433
318	17.062984	195.177640	21.402987
319	17.585556	195.399059	22.226330
320	18.110870	195.614825	23.049427
321	18.638907	195.824927	23.872248
322	19.169646	196.029358	24.694759
323	19.703065	196.228110	25.516928
324	20.107562	196.430710	24.625112
325	20.506429	196.635151	23.731183
326	20.807418	196.067472	22.964928
327	20.832552	195.778871	22.007809
328	20.863853	195.489154	21.051208
329	20.526257	194.780675	21.670956
330	20.716485	194.066086	20.997773
331	20.903094	193.354496	20.320413
332	21.601900	193.011804	19.692533
333	22.300713	192.663608	19.067697
334	22.999507	192.309923	18.445931
335	22.990366	191.564985	17.778859
336	22.736404	191.785267	16.837063
337	22.477069	192.008083	15.897330
338	22.047620	192.423074	15.095236
339	21.615040	192.832716	14.292074
340	21.469773	193.677489	14.807104
341	21.330394	194.521921	15.324315
342	21.196910	195.365979	15.843689
343	21.069326	196.209628	16.365204
344	20.947646	197.052836	16.888839
345	20.033025	197.436969	16.762702
346	19.217333	197.418985	17.340909
347	19.545686	198.208761	16.822799
348	19.839056	198.992433	16.275265
349	20.549378	199.489575	15.776976
350	21.263220	199.981509	15.278548
351	20.492302	199.691373	15.845562
352	19.839733	199.223278	15.249710
353	19.184965	198.751987	14.658808
354	18.528024	198.277520	14.072881
355	18.149477	197.417076	14.413965
356	17.484442	196.843404	14.892117
357	16.986506	196.044822	15.230238
358	17.034831	195.054682	15.361720
359	17.639794	195.756030	15.738722
360	18.052777	195.814949	14.829890
361	17.612091	195.788960	13.932605
362	17.175830	195.766824	13.033057
363	17.901259	196.437566	12.878594
364	17.970050	197.404252	12.632046
365	18.540891	196.614902	12.406063
366	19.329482	196.669320	11.793558
367	20.115505	196.719319	11.177386
368	20.898930	196.764897	10.557573
369	20.828771	197.463566	9.845575
370	19.911050	197.188058	10.131728
371	18.990850	196.916425	10.413590
372	18.068207	196.648677	10.691152
373	17.812435	195.684289	10.758506
374	17.551651	194.720996	10.822221
375	16.685518	194.243540	10.674412
376	15.817126	193.771142	10.523627
377	14.946510	193.303823	10.369871
378	14.865795	193.114314	11.348426
379	14.790977	192.922614	12.327024
380	14.724555	192.722251	13.304492
381	13.814696	192.409139	13.576739
382	13.909151	191.429729	13.755159
383	14.504431	192.142234	14.126613
384	15.101877	192.850671	14.502347
385	15.701464	193.555012	14.882347
386	14.943281	194.116944	14.551602
387	15.130498	195.094941	14.459561
388	15.360651	195.204084	15.426575
389	15.595933	195.316492	16.391980
390	15.931268	195.079645	17.303821
391	15.498452	195.811617	17.830021
392	14.941252	196.581398	18.141413
393	14.312550	196.895648	17.430089
394	15.184065	197.115040	17.868640
395	16.053225	197.339954	18.309068
396	16.729027	197.053314	18.988132
397	15.837560	196.726178	18.674654
398	15.678118	196.622667	17.692889
399	14.956439	196.197979	17.146244
400	14.507052	195.562914	17.774530
401	14.356463	194.707605	18.270283
402	14.209967	193.854151	18.770438
403	14.067567	193.002585	19.274974
404	13.659522	192.268667	19.817987
405	13.301480	192.959923	20.445658
406	12.305861	192.926669	20.358273
407	11.310693	192.895766	20.265073
408	10.570856	193.558200	20.147506
409	10.097730	193.929764	20.946312
410	9.123868	194.071425	21.123864
411	9.793362	193.390364	20.827329
412	9.042272	193.694906	20.241568
413	9.261651	194.663275	20.360458
414	9.093021	195.018483	21.279909
415	8.918670	195.375582	22.197559
416	8.738602	195.734556	23.113372
417	8.552827	196.095392	24.027312
418	9.369016	195.679395	23.626334
419	9.884935	196.397730	23.159620
420	10.402131	197.118727	22.698458
421	11.043857	197.550359	22.064516
422	11.686275	197.986793	21.434576
423	12.329358	198.428014	20.808661
424	12.973082	198.874002	20.186798
425	11.999523	198.649872	20.230941
426	11.025124	198.430312	20.279324
427	10.114600	198.181493	20.609526
428	9.203984	197.937842	20.943312
429	9.606932	197.054144	20.705173
430	10.035651	196.175706	20.494112
431	9.635791	195.587151	21.196761
432	9.810104	195.274974	22.130656
433	9.023919	195.564527	22.676616
434	9.357102	195.985960	21.833180
435	9.689425	196.417636	20.994600
436	10.268261	195.808194	20.452815
437	10.590151	195.798259	19.506090
438	10.908358	195.793258	18.558082
439	11.056579	194.860348	18.229892
440	11.178758	193.914021	17.930665
441	11.982005	194.141783	17.380285
442	12.103295	193.761223	16.463517
443	12.317951	194.665576	16.832392
444	12.537101	195.567378	17.204852
445	12.376561	195.504796	16.219808
446	13.365554	195.503315	16.071857
447	13.444356	194.628098	15.594588
448	12.789090	194.488248	16.336929
449	12.136427	194.353167	17.082438
450	12.250026	193.383189	17.297469
451	12.356184	192.390067	17.346868
452	12.461618	191.396578	17.390030
453	12.566324	190.402761	17.426954
454	12.981944	189.610821	17.874269
455	13.396729	188.815508	18.316344
456	13.810660	188.016851	18.753160
457	13.372877	188.777501	19.232490
458	12.619518	189.170897	18.705528
459	11.666810	189.052104	18.425821
460	10.692791	189.253507	18.322266
461	9.718018	189.454364	18.224931
462	8.742529	189.654666	18.133821
463	7.766364	189.854406	18.048938
464	6.857164	190.267629	17.997928
465	5.946143	190.677408	17.951856
466	5.766232	189.695795	17.888065
467	4.857756	189.751001	17.473789
468	3.947979	189.800435	17.061647
469	3.033222	189.484324	16.810063
470	2.120980	189.163061	16.555891
471	2.257875	189.772678	15.775105
472	1.289977	189.784073	15.524018
473	0.320576	189.793520	15.278719
474	-0.304917	190.187012	14.604981
475	0.557063	190.539096	14.240253
476	1.416350	190.896795	13.874633
477	1.149257	191.851179	13.741172
478	2.118650	191.788119	13.978450
479	3.089553	191.727476	14.210121
480	3.006311	192.422263	13.495739
481	3.975024	192.471644	13.252520
482	4.944998	192.516498	13.013482
483	4.211592	192.607152	13.687201
484	4.496826	191.992167	12.952058
485	4.777154	191.379069	12.213460
486	5.734190	191.091005	12.180263
487	6.540006	191.242351	11.607764
488	6.561725	192.184318	11.272763
489	7.385643	191.860369	10.807774
490	7.836076	192.509841	11.420388
491	8.291078	193.160120	12.028755
492	9.201281	193.487648	12.282243
493	9.440147	193.333052	13.240910
494	10.394520	193.629430	13.277422
495	11.347173	193.931522	13.311947
496	11.858910	194.703617	13.688768
497	12.366585	195.476040	14.070381
498	13.272617	195.790202	13.786819
499	13.898657	195.445628	13.087288
500	13.647883	196.006088	13.876590
501	12.961709	195.521897	14.419474
502	12.389027	194.713834	14.557571
503	11.817554	193.905994	14.701837
504	11.247311	193.098409	14.852265
505	11.589334	193.947572	14.449846
506	11.683178	193.846710	13.459381
507	11.780707	193.750943	12.468767
508	11.204884	194.359085	13.015201
509	11.385274	195.305703	13.282362
510	11.560358	196.252357	13.552899
511	11.409399	197.145187	13.977242
512	11.754173	197.727193	14.713719
513	10.939152	197.163183	14.580932
514	10.754786	196.191028	14.436283
515	10.568662	195.220106	14.285722
516	11.048835	194.408528	14.618552
517	11.863068	194.661352	14.095960
518	12.618762	195.077639	13.590358
519	13.377554	195.488454	13.084923
520	13.530219	194.501256	13.131106
521	13.677908	193.513133	13.173553
522	13.936011	192.979210	13.978729
523	13.749961	192.155073	14.513690
524	13.801054	191.816816	15.453356
525	14.200563	191.318291	16.222683
526	13.998727	190.931847	17.122641
527	13.803049	190.544637	18.023628
528	13.899559	189.560638	17.873862
529	14.002023	188.576936	17.726105
530	13.060104	188.241418	17.740833
531	12.120313	187.899981	17.755487
532	11.182688	187.552640	17.770065
533	10.247264	187.199408	17.784567
534	11.116704	187.551215	18.131420
535	10.811123	186.923936	17.415081
536	10.000277	187.314430	16.979143
537	9.132674	187.334324	16.482283
538	9.087335	188.185223	17.005651
539	8.624590	187.318603	16.819003
540	8.157991	186.453018	16.637215
541	7.555381	186.043811	17.322352
542	7.182490	185.406896	17.997104
543	6.198337	185.312410	18.147155
544	6.126521	184.975970	17.208192
545	5.874095	184.752295	16.266783
546	6.411191	184.272222	16.960367
547	7.202617	184.226543	17.569922
548	7.382568	184.575894	18.489472
549	7.562641	184.919351	19.411215
550	8.123658	184.576193	20.164543
551	7.260753	184.905507	20.547881
552	7.887461	185.363163	19.917176
553	8.517710	185.822635	19.291340
554	9.151477	186.283907	18.670399
555	9.788735	186.746959	18.054376
556	10.429460	187.211774	17.443296
557	10.532815	187.195515	18.437807
558	10.662856	187.148920	19.428221
559	11.300857	187.615893	18.815938
560	11.453444	188.312481	18.114880
561	11.609034	189.012632	17.418044
562	11.767623	189.716320	16.725460
563	12.020739	189.939150	15.784036
564	12.318835	190.350503	14.922683
565	13.131910	190.151233	14.375691
566	13.947709	189.949359	13.833734
567	14.322499	189.488161	13.029477
568	14.696481	189.021406	12.228054
569	15.069639	188.549114	11.429498
570	14.456209	188.279580	10.687167
571	13.841682	188.016107	9.943569
572	13.039002	187.443349	9.777279
573	12.815971	187.287803	10.739601
574	12.597503	187.127942	11.702262
575	12.383608	186.963772	12.665224
576	12.687636	186.072128	12.329758
577	12.997035	185.181131	11.997499
578	13.311793	184.290816	11.668461
579	13.631898	183.401218	11.342657
580	13.957336	182.512372	11.020100
581	14.723972	181.870526	11.002662
582	15.490557	181.228822	10.978936
583	16.208403	180.532629	10.975422
584	16.508579	180.058070	11.802881
585	16.187198	180.508754	10.970056
586	15.871626	180.961610	10.136188
587	16.760147	181.405620	10.251880
588	17.648485	181.851515	10.361575
589	18.536605	182.299278	10.465268
590	18.758314	181.324827	10.501204
591	17.869382	181.218399	10.946707
592	17.611405	182.182040	10.877107
593	16.915611	181.668169	10.375303
594	16.605131	181.032115	9.668877
595	16.289244	180.399242	8.961992
596	15.736979	179.797299	9.538765
597	16.076203	179.232012	8.786849
598	15.396050	179.826951	8.358551
599	14.716560	180.418730	7.924857
600	14.037759	181.007325	7.485782
601	13.359675	181.592712	7.041346
602	12.682334	182.174868	6.591564
603	12.005764	182.753771	6.136456
604	12.455019	181.904232	5.859954
605	12.898934	181.051546	5.584517
606	12.795326	180.113751	5.915889
607	13.448434	179.356508	5.921682
608	13.957403	178.509976	5.765690
609	14.470352	177.666551	5.605948
610	13.514949	177.959436	5.643665
611	12.560414	177.980630	5.941011
612	12.674657	178.467737	5.075173
613	11.864287	179.002079	5.315545
614	10.918020	179.325386	5.322742
615	9.970927	179.646086	5.335604
616	9.023044	179.964168	5.354129
617	8.074411	180.279619	5.378317
618	7.125063	180.592426	5.408167
619	6.884867	181.299195	4.742748
620	6.568982	182.073702	4.194701
621	6.432882	181.577877	5.052392
622	5.704952	182.175247	5.388942
623	4.973054	182.767737	5.725514
624	4.237217	183.355324	6.062093
625	4.191502	182.424715	5.698946
626	4.974012	182.657284	5.121373
627	4.279952	182.226400	4.544640
628	4.218159	181.599689	3.767842
629	4.162622	180.973166	2.990421
630	3.687708	180.096715	3.069729
631	3.217294	179.218198	3.152914
632	2.751400	178.337651	3.239974
633	3.174203	177.953248	4.060628
634	2.826370	178.804287	4.454004
635	2.481651	179.654113	4.852709
636	3.118121	178.883181	4.828825
637	2.419298	178.314702	5.262964
638	1.716052	177.750314	5.695297
639	1.008412	177.190041	6.125807
640	2.000415	177.085962	6.197204
641	2.490387	177.529687	5.446847
642	2.985530	177.970151	4.697965
643	2.723633	178.933455	4.639174
644	2.467809	179.898392	4.580428
645	1.632282	180.445935	4.626144
646	0.693773	180.671667	4.887386
647	-0.245084	180.892050	5.151919
648	-0.840594	181.472644	5.707147
649	-0.788901	180.942319	4.860930
650	-0.735429	180.406941	4.018012
651	-0.680181	179.866534	3.178424
652	-0.604363	179.299881	2.357963
653	-0.929315	178.491103	1.867776
654	-1.252297	177.678686	1.382326
655	-1.573297	176.862663	0.901633
656	-1.892301	176.043067	0.425715
657	-2.334556	176.758902	-0.114646
658	-2.614071	177.693658	-0.333968
659	-3.246555	178.124425	-0.977711
660	-3.862066	178.521622	-1.658431
661	-4.538112	179.010402	-2.209845
662	-3.890729	178.271676	-2.397409
663	-3.960222	177.649230	-3.176981
664	-3.658733	176.848653	-3.694842
665	-3.358083	176.044487	-4.207606
666	-3.506414	175.153670	-4.637074
667	-3.658244	174.261085	-5.061622
668	-3.813564	173.366769	-5.481234
669	-4.270226	174.246590	-5.613051
670	-3.330912	174.337731	-5.282321
671	-2.392305	174.423625	-4.948196
672	-1.454442	174.504268	-4.610691
673	-0.777129	174.088325	-4.003865
674	-0.266607	174.366412	-3.190209
675	-0.634748	175.295962	-3.210437
676	-1.008709	176.223175	-3.231144
677	-1.388475	177.148015	-3.252331
678	-1.826615	177.611276	-4.022670
679	-0.964470	178.085531	-4.200965
680	-0.461401	177.820979	-5.023725
681	0.038662	177.550903	-5.846522
682	0.951103	177.959985	-5.836325
683	1.863963	178.368236	-5.832348
684	2.531659	178.528315	-6.559367
685	3.462424	178.162743	-6.565111
686	4.305863	177.638066	-6.680548
687	4.013335	176.681839	-6.672947
688	3.715200	175.727330	-6.667620
689	3.560734	175.149480	-5.866228
690	2.906470	175.147172	-5.109966
691	2.823142	175.051839	-4.118014
692	3.700750	174.926656	-3.655268
693	4.503998	174.619676	-4.165716
694	5.303758	174.308264	-4.678947
695	6.099998	173.992431	-5.194942
696	6.948403	173.721211	-5.649528
697	7.900779	173.489659	-5.847931
698	8.009752	172.539869	-5.554632
699	8.124494	171.591416	-5.259214
700	7.930706	170.866652	-4.598032
701	8.824835	170.475105	-4.815342
702	9.738604	170.198033	-4.518261
703	10.578596	169.712402	-4.760286
704	11.421901	169.232007	-5.001237
705	12.310585	168.920746	-5.337922
706	13.197819	168.611612	-5.680345
707	13.438965	167.741714	-6.110608
708	13.678411	166.874135	-6.546465
709	13.916149	166.008909	-6.987900
710	14.084141	166.743386	-7.645411
711	13.801147	167.299182	-6.863742
712	14.047497	166.724848	-6.083068
713	13.927554	167.336813	-5.301330
714	13.813706	167.948136	-4.518181
715	14.491208	167.885286	-3.785350
716	15.173321	167.822923	-3.056768
717	15.860020	167.761050	-2.332463
718	16.337413	167.080127	-1.777091
719	16.668315	166.627474	-0.949076
720	17.598415	166.813647	-1.265704
721	18.248369	166.912076	-2.019276
722	18.885193	166.487278	-2.662706
723	19.524931	166.059636	-3.301343
724	18.630855	165.737491	-2.990135
725	19.004337	166.044801	-3.865390
726	19.382970	166.348645	-4.739642
727	19.766739	166.649011	-5.612855
728	20.155630	166.945887	-6.484995
729	20.575431	167.319553	-7.312124
730	21.051223	166.670723	-6.718288
731	20.409905	166.697347	-7.485101
732	20.400364	166.803845	-8.479368
733	20.387649	166.915737	-9.473007
734	20.371761	167.033018	-10.465979
735	19.806859	167.708726	-10.939586
736	19.239003	168.385722	-11.407791
737	18.668217	169.063980	-11.870577
738	18.094522	169.743471	-12.327923
739	17.215620	170.142305	-12.589577
740	16.826844	170.235085	-13.506226
741	16.443754	170.326864	-14.425366
742	15.669903	170.936227	-14.598084
743	15.444782	171.472008	-13.784291
744	15.149583	170.625555	-13.341149
745	15.238921	171.130411	-12.482580
746	15.367670	170.142138	-12.400475
747	15.712375	169.456337	-11.759495
748	16.417369	169.218641	-12.427690
749	16.425272	169.352480	-11.436719
750	16.439143	169.488279	-10.446080
751	16.423430	169.617625	-9.454605
752	16.096585	170.009899	-10.314426
753	15.770206	170.407936	-11.171773
754	15.263785	170.914032	-11.869916
755	14.760411	171.416946	-12.572549
756	15.428797	171.386917	-11.829341
757	14.852624	170.620993	-11.544059
758	15.221222	169.700800	-11.675894
759	15.591298	168.782071	-11.813665
760	15.962838	167.864842	-11.957366
761	15.488941	168.664192	-12.326775
762	16.482230	168.741060	-12.240356
763	17.173469	168.168347	-11.799688
764	17.191757	168.930069	-12.447334
765	16.332371	168.810166	-12.944404
766	15.399857	169.121306	-13.127732
767	14.464342	169.420823	-13.315088
768	14.333125	168.643172	-12.700238
769	14.839905	168.825449	-11.857653
770	15.362213	169.124058	-11.058887
771	15.382154	169.949069	-10.494122
772	15.408264	170.773276	-9.928436
773	16.079891	171.326053	-10.421747
774	15.195178	171.138915	-10.848669
775	14.309052	170.957899	-11.275301
776	13.440204	170.789268	-11.740776
777	13.916373	171.618138	-12.034441
778	14.392228	172.449243	-12.322235
779	15.390573	172.503213	-12.342101
780	16.389128	172.555106	-12.356034
781	16.516090	171.563198	-12.356559
782	16.637159	170.570555	-12.355011
783	17.517840	170.334991	-11.944024
784	18.400136	170.101523	-11.535312
785	18.201195	170.272119	-12.500361
786	18.002709	170.448904	-13.464389
787	17.804686	170.631871	-14.427359
788	17.616807	170.804404	-15.394279
789	18.482146	171.202653	-15.090000
790	19.408655	171.574355	-15.031525
791	20.334997	171.945436	-14.966795
792	21.296675	172.210865	-15.035516
793	22.258867	172.475977	-15.097978
794	22.926604	171.827728	-14.732051
795	23.589650	171.175702	-14.364312
796	24.584154	171.125093	-14.272664
797	24.302939	170.193712	-14.503853
798	24.899178	170.177568	-15.306498
799	25.492860	170.155955	-16.110907
800	26.426050	170.139671	-16.469922
801	27.357207	170.120297	-16.834024
802	28.286295	170.097834	-17.203200
803	29.213278	170.072282	-17.577433
804	30.097088	169.879247	-17.151268
805	30.422664	170.329432	-16.319803
806	30.232203	170.249323	-15.341382
807	29.843545	170.615949	-14.496083
808	29.502113	171.015511	-13.645333
809	29.159147	171.420322	-12.797689
810	28.544484	170.668828	-12.558012
811	27.925080	169.920330	-12.321181
812	27.255950	169.220812	-12.070304
813	27.493193	169.112834	-11.104873
814	27.725382	169.008241	-10.137842
815	27.977156	169.700830	-9.461876
816	28.412739	170.596131	-9.555174
817	28.683655	169.725198	-9.965152
818	28.956861	168.857347	-10.380112
819	29.232347	167.992610	-10.800038
820	29.970114	167.436156	-11.182214
821	29.251928	167.769473	-10.571388
822	29.924108	168.420871	-10.219457
823	29.961856	167.711849	-9.515282
824	29.994655	167.005440	-8.808238
825	30.924154	166.641039	-8.865192
826	30.652429	165.694019	-9.036419
827	30.378882	164.743758	-9.185331
828	30.104670	163.794671	-9.340386
829	30.966997	163.312745	-9.185021
830	31.149663	164.002563	-9.885581
831	30.715949	164.874550	-10.112584
832	30.230544	165.745801	-10.185409
833	29.739790	166.613953	-10.259389
834	29.243706	167.478970	-10.334522
835	28.742311	168.340820	-10.410803
836	28.632727	167.789372	-11.237784
837	28.517132	167.236870	-12.063241
838	27.607303	166.831743	-12.153144
839	26.699388	166.423499	-12.248165
840	26.306576	165.519223	-12.080883
841	26.971941	166.066935	-12.588132
842	27.640159	166.616146	-13.089980
843	27.266051	167.522180	-12.892127
844	27.036361	166.869527	-12.170126
845	26.702528	167.694016	-11.713208
846	26.525748	167.475908	-10.753428
847	26.427607	168.238604	-11.392696
848	26.325810	168.997731	-12.035629
849	26.121073	169.694760	-12.722822
850	25.930421	170.415038	-13.389794
851	26.097469	169.495500	-13.745525
852	26.165103	168.560115	-14.092628
853	25.695142	167.687481	-14.225467
854	24.821032	168.086410	-14.502575
855	23.948326	168.490576	-14.776497
856	23.077057	168.899965	-15.047221
857	22.205393	169.272275	-15.365948
858	21.333706	169.648613	-15.679845
859	20.462029	170.028962	-15.988897
860	21.307085	169.771587	-15.520241
861	21.687974	170.690592	-15.621991
862	21.939054	171.455868	-15.029277
863	22.195701	172.218435	-14.435455
864	22.457904	172.978261	-13.840549
865	22.071026	172.804013	-12.935031
866	21.707840	171.899451	-12.711729
867	21.350251	170.992338	-12.489748
868	20.644171	170.325959	-12.729311
869	20.052609	171.026858	-13.127803
870	19.259917	171.622647	-12.998672
871	18.463857	172.213498	-12.867588
872	17.664459	172.799387	-12.734555
873	18.492751	172.766304	-12.175235
874	19.317568	172.734123	-11.610752
875	20.138876	172.702843	-11.041126
876	20.956645	172.672466	-10.466381
877	21.438909	173.353541	-9.915419
878	21.296462	172.913651	-9.028736
879	20.484557	172.756435	-8.466515
880	19.966895	172.126936	-7.887069
881	20.026281	171.483706	-7.123703
882	20.877444	171.913527	-6.822414
883	19.879272	171.904808	-6.762617
884	20.165453	171.032650	-7.159403
885	20.377671	170.059606	-7.249683
886	20.330948	169.551476	-6.389671
887	20.274428	168.634090	-5.995707
888	20.707297	167.827125	-6.397494
889	20.622925	167.433630	-5.482048
890	20.505950	168.426645	-5.466661
891	21.425547	168.729884	-5.716435
892	21.546589	169.628597	-5.294932
893	21.385544	169.042635	-4.500757
894	20.637320	168.454237	-4.194248
895	19.892711	167.860781	-3.888687
896	19.151747	167.262290	-3.584087
897	19.910595	167.647601	-3.059030
898	18.963281	167.338448	-2.975243
899	18.200318	166.699910	-3.076019
900	17.441386	166.056854	-3.178499
901	16.686515	165.409308	-3.282680
902	16.067130	165.979922	-3.821902
903	15.269670	165.378286	-3.867630
904	14.468673	164.781511	-3.915201
905	14.843281	164.582001	-3.009737
906	15.219397	164.388557	-2.103583
907	15.246773	164.604866	-1.127642
908	15.271202	164.826613	-0.152843
909	15.292683	165.053788	0.820773
910	15.830349	165.876460	1.005506
911	16.370432	166.696381	1.195352
912	15.477237	166.762893	0.750628
913	14.581386	166.830646	0.311468
914	13.682915	166.899637	-0.122110
915	12.781859	166.969865	-0.550089
916	12.414208	167.044823	-1.477027
917	12.046795	167.126051	-2.403531
918	11.613878	166.905669	-1.529452
919	11.828841	167.877202	-1.629029
920	11.162536	167.172526	-1.872892
921	10.497088	166.465127	-2.111150
922	10.113622	165.543851	-2.175981
923	9.841173	166.470202	-1.915894
924	9.977278	165.481691	-1.981623
925	10.111279	164.492518	-2.041462
926	10.243172	163.502723	-2.095408
927	10.506714	163.964807	-1.248636
928	10.776285	164.425512	-0.403010
929	11.051873	164.884819	0.441436
930	10.612398	165.389118	1.184769
931	10.710664	165.423464	2.179336
932	10.104388	165.306617	1.392713
933	9.819833	164.880411	0.534006
934	9.529396	164.456201	-0.323719
935	8.999831	163.623900	-0.487533
936	8.465847	162.793650	-0.647368
937	7.927467	161.965485	-0.803219
938	7.412787	161.499542	-1.522942
939	6.892759	161.035952	-2.240337
940	6.367404	160.574734	-2.955376
941	5.836742	160.115907	-3.668030
942	5.300796	159.659488	-4.378271
943	4.759585	159.205496	-5.086072
944	4.213131	158.753948	-5.791404
945	4.830192	159.298524	-5.223361
946	4.815280	159.803200	-4.360181
947	5.281521	159.985681	-3.494549
948	5.527267	159.707364	-2.566029
949	5.767222	159.426734	-1.636692
950	6.010443	159.167550	-0.701990
951	5.509404	159.513507	-1.495258
952	5.009892	159.865344	-2.286901
953	4.885148	159.363352	-3.142730
954	5.330719	158.617498	-2.647585
955	5.780585	157.871201	-2.157014
956	6.177159	156.985691	-1.914933
957	6.544226	156.088577	-1.669074
958	6.915036	155.191631	-1.428267
959	6.753082	154.252290	-1.125928
960	7.310112	153.908405	-0.369977
961	7.148051	153.223471	-1.080331
962	6.978043	152.377217	-0.575403
963	6.811570	151.527809	-0.074612
964	6.679273	152.191723	-0.810625
965	6.196733	152.872425	-1.361806
966	5.714639	153.557246	-1.908254
967	5.233009	154.246158	-2.449948
968	4.751862	154.939135	-2.986866
969	4.971988	155.116513	-3.946075
970	5.186364	155.291956	-4.906941
971	5.394980	155.465456	-5.869426
972	5.036328	155.857510	-6.716575
973	5.713783	155.684824	-6.001568
974	6.392680	155.552325	-5.279390
975	7.072768	155.414057	-4.559415
976	7.754018	155.270026	-3.841674
977	6.899879	154.803307	-3.612283
978	6.438353	155.684217	-3.717126
979	5.451969	155.520124	-3.728135
980	4.464586	155.362062	-3.737671
981	3.476242	155.210039	-3.745731
982	3.045605	156.057676	-3.435792
983	2.912337	156.234528	-4.410965
984	2.536750	156.816246	-5.132449
985	2.171765	156.553325	-6.025566
986	1.223773	156.814889	-6.206937
987	1.916976	156.386110	-5.627611
988	1.172103	156.488110	-4.968247
989	0.423550	156.592421	-4.313429
990	-0.328655	156.699038	-3.663182
991	-1.084482	156.807959	-3.017534
992	-2.078449	156.880687	-2.935437
993	-2.501990	157.389205	-2.185756
994	-2.925537	157.902914	-1.439625
995	-3.349075	158.421793	-0.697075
996	-2.367093	158.609235	-0.721098
997	-1.386267	158.802294	-0.747705
998	-0.406635	159.000962	-0.776895
999	0.577164	159.179240	-0.795816
1000	-0.000000	158.996050	0.000000
